{
    "data": [
        {
            "c0_T_c": {
                "cols": 4,
                "data": "1, 0, -6.93889e-18, 0\n-1.38778e-17, 1, -2.77556e-17, -1.38778e-17\n1.04083e-17, 0, 1, -1.11022e-16\n0, 0, 0, 1",
                "rows": 4
            },
            "idx": 1073
        },
        {
            "c0_T_c": {
                "cols": 4,
                "data": "0.999451, 0.0142846, -0.0299083, -0.00788085\n-0.0137302, 0.999732, 0.0186623, 0.00313322\n0.0301668, -0.0182414, 0.999378, 0.0302839\n0, 0, 0, 1",
                "rows": 4
            },
            "idx": 1075
        },
        {
            "c0_T_c": {
                "cols": 4,
                "data": "0.996437, 0.0292978, -0.0790925, -0.0170355\n-0.0274999, 0.99934, 0.0237258, -0.00154\n0.0797354, -0.0214662, 0.996585, 0.0631647\n0, 0, 0, 1",
                "rows": 4
            },
            "idx": 1077
        },
        {
            "c0_T_c": {
                "cols": 4,
                "data": "0.987562, 0.0393649, -0.152225, -0.0305667\n-0.036663, 0.999117, 0.0205163, -0.00535581\n0.152899, -0.0146801, 0.988133, 0.0780182\n0, 0, 0, 1",
                "rows": 4
            },
            "idx": 1079
        },
        {
            "c0_T_c": {
                "cols": 4,
                "data": "0.969058, 0.0438719, -0.242901, -0.0334232\n-0.0413329, 0.999025, 0.0155418, -0.00798451\n0.243346, -0.00502111, 0.969927, 0.0878607\n0, 0, 0, 1",
                "rows": 4
            },
            "idx": 1081
        },
        {
            "c0_T_c": {
                "cols": 4,
                "data": "0.94233, 0.0473029, -0.331326, -0.0272123\n-0.0426755, 0.998863, 0.0212321, -0.0111523\n0.331954, -0.00586808, 0.943277, 0.090742\n0, 0, 0, 1",
                "rows": 4
            },
            "idx": 1083
        },
        {
            "c0_T_c": {
                "cols": 4,
                "data": "0.910161, 0.0599736, -0.40989, -0.0153339\n-0.0466562, 0.99801, 0.0424251, -0.0155399\n0.411618, -0.0194898, 0.911148, 0.0967867\n0, 0, 0, 1",
                "rows": 4
            },
            "idx": 1085
        },
        {
            "c0_T_c": {
                "cols": 4,
                "data": "0.882247, 0.0773673, -0.464387, 0.00598285\n-0.0511511, 0.996318, 0.0688101, -0.0165326\n0.468, -0.0369536, 0.882955, 0.103672\n0, 0, 0, 1",
                "rows": 4
            },
            "idx": 1087
        },
        {
            "c0_T_c": {
                "cols": 4,
                "data": "0.864204, 0.0917341, -0.494708, 0.0437058\n-0.0537723, 0.994447, 0.0904662, -0.0171421\n0.50026, -0.0515796, 0.864338, 0.115138\n0, 0, 0, 1",
                "rows": 4
            },
            "idx": 1089
        },
        {
            "c0_T_c": {
                "cols": 4,
                "data": "0.864691, 0.108084, -0.490538, 0.0748476\n-0.0632596, 0.992232, 0.107115, -0.0297552\n0.498304, -0.0615904, 0.864812, 0.13604\n0, 0, 0, 1",
                "rows": 4
            },
            "idx": 1091
        },
        {
            "c0_T_c": {
                "cols": 4,
                "data": "0.878029, 0.107191, -0.466449, 0.0998016\n-0.0683038, 0.992686, 0.0995492, -0.0526486\n0.473708, -0.0555469, 0.878929, 0.15816\n0, 0, 0, 1",
                "rows": 4
            },
            "idx": 1093
        },
        {
            "c0_T_c": {
                "cols": 4,
                "data": "0.898675, 0.0798171, -0.431292, 0.127566\n-0.0636205, 0.996625, 0.0518758, -0.0773361\n0.433977, -0.0191805, 0.90072, 0.175206\n0, 0, 0, 1",
                "rows": 4
            },
            "idx": 1095
        },
        {
            "c0_T_c": {
                "cols": 4,
                "data": "0.922372, 0.0452846, -0.38364, 0.157005\n-0.0556757, 0.99832, -0.0160179, -0.100607\n0.38227, 0.0361339, 0.923344, 0.191622\n0, 0, 0, 1",
                "rows": 4
            },
            "idx": 1097
        },
        {
            "c0_T_c": {
                "cols": 4,
                "data": "0.944713, 0.020283, -0.32727, 0.19711\n-0.0466366, 0.99625, -0.0728794, -0.112175\n0.324565, 0.0841129, 0.942116, 0.216962\n0, 0, 0, 1",
                "rows": 4
            },
            "idx": 1099
        },
        {
            "c0_T_c": {
                "cols": 4,
                "data": "0.962186, 0.00794349, -0.272277, 0.23283\n-0.0402029, 0.992769, -0.113108, -0.116573\n0.269409, 0.119777, 0.955548, 0.240398\n0, 0, 0, 1",
                "rows": 4
            },
            "idx": 1101
        },
        {
            "c0_T_c": {
                "cols": 4,
                "data": "0.974249, -0.0041594, -0.225438, 0.2519\n-0.0321113, 0.987079, -0.156983, -0.130819\n0.223178, 0.16018, 0.961527, 0.270764\n0, 0, 0, 1",
                "rows": 4
            },
            "idx": 1103
        },
        {
            "c0_T_c": {
                "cols": 4,
                "data": "0.983081, -0.0153296, -0.182528, 0.271516\n-0.0242143, 0.97687, -0.212459, -0.150241\n0.181563, 0.213284, 0.959971, 0.296268\n0, 0, 0, 1",
                "rows": 4
            },
            "idx": 1105
        },
        {
            "c0_T_c": {
                "cols": 4,
                "data": "0.989727, -0.0183787, -0.141783, 0.291057\n-0.0193437, 0.96537, -0.260167, -0.157213\n0.141655, 0.260237, 0.955097, 0.326576\n0, 0, 0, 1",
                "rows": 4
            },
            "idx": 1107
        },
        {
            "c0_T_c": {
                "cols": 4,
                "data": "0.994597, -0.0053271, -0.103674, 0.297889\n-0.0242989, 0.958992, -0.282389, -0.15007\n0.100926, 0.283382, 0.953681, 0.369708\n0, 0, 0, 1",
                "rows": 4
            },
            "idx": 1109
        },
        {
            "c0_T_c": {
                "cols": 4,
                "data": "0.997051, 0.0141565, -0.075425, 0.293612\n-0.035047, 0.958356, -0.283417, -0.14211\n0.0682719, 0.285225, 0.956026, 0.427111\n0, 0, 0, 1",
                "rows": 4
            },
            "idx": 1111
        },
        {
            "c0_T_c": {
                "cols": 4,
                "data": "0.997956, 0.0264576, -0.0581777, 0.3053\n-0.042329, 0.955635, -0.291498, -0.154862\n0.0478843, 0.293364, 0.954801, 0.475059\n0, 0, 0, 1",
                "rows": 4
            },
            "idx": 1113
        },
        {
            "c0_T_c": {
                "cols": 4,
                "data": "0.998531, 0.0355264, -0.0409071, 0.322859\n-0.0461149, 0.953617, -0.297469, -0.161662\n0.0284417, 0.298919, 0.953855, 0.531385\n0, 0, 0, 1",
                "rows": 4
            },
            "idx": 1115
        },
        {
            "c0_T_c": {
                "cols": 4,
                "data": "0.998542, 0.0514895, -0.0162385, 0.338579\n-0.0539817, 0.957254, -0.284168, -0.154325\n0.000912619, 0.284631, 0.958637, 0.588435\n0, 0, 0, 1",
                "rows": 4
            },
            "idx": 1117
        },
        {
            "c0_T_c": {
                "cols": 4,
                "data": "0.997864, 0.0652163, 0.00390596, 0.349717\n-0.062313, 0.968, -0.24309, -0.13702\n-0.0196344, 0.242327, 0.969996, 0.649988\n0, 0, 0, 1",
                "rows": 4
            },
            "idx": 1119
        },
        {
            "c0_T_c": {
                "cols": 4,
                "data": "0.997601, 0.0657492, 0.0216764, 0.368851\n-0.0606221, 0.980842, -0.18513, -0.117328\n-0.0334333, 0.183372, 0.982475, 0.710288\n0, 0, 0, 1",
                "rows": 4
            },
            "idx": 1121
        },
        {
            "c0_T_c": {
                "cols": 4,
                "data": "0.997582, 0.0535952, 0.044246, 0.395099\n-0.0477318, 0.991091, -0.124337, -0.0966358\n-0.0505157, 0.121924, 0.991253, 0.765159\n0, 0, 0, 1",
                "rows": 4
            },
            "idx": 1123
        },
        {
            "c0_T_c": {
                "cols": 4,
                "data": "0.99676, 0.040664, 0.0693938, 0.423711\n-0.0363344, 0.99738, -0.0625532, -0.0752427\n-0.0717556, 0.0598292, 0.995626, 0.812468\n0, 0, 0, 1",
                "rows": 4
            },
            "idx": 1125
        },
        {
            "c0_T_c": {
                "cols": 4,
                "data": "0.99545, 0.0347632, 0.0887139, 0.447782\n-0.0352374, 0.999372, 0.00378466, -0.0529361\n-0.0885266, -0.00689349, 0.99605, 0.856281\n0, 0, 0, 1",
                "rows": 4
            },
            "idx": 1127
        },
        {
            "c0_T_c": {
                "cols": 4,
                "data": "0.996048, 0.0243261, 0.0854155, 0.46356\n-0.0300731, 0.997323, 0.0666549, -0.0302751\n-0.0835654, -0.0689602, 0.994113, 0.886722\n0, 0, 0, 1",
                "rows": 4
            },
            "idx": 1129
        },
        {
            "c0_T_c": {
                "cols": 4,
                "data": "0.998044, 0.00975699, 0.0617565, 0.474924\n-0.0178392, 0.991128, 0.131708, -0.0108133\n-0.0599236, -0.132552, 0.989363, 0.922347\n0, 0, 0, 1",
                "rows": 4
            },
            "idx": 1131
        },
        {
            "c0_T_c": {
                "cols": 4,
                "data": "0.999836, 0.00280983, 0.0178712, 0.484792\n-0.00618485, 0.981431, 0.191716, 0.00268414\n-0.0170006, -0.191795, 0.981288, 0.951131\n0, 0, 0, 1",
                "rows": 4
            },
            "idx": 1133
        },
        {
            "c0_T_c": {
                "cols": 4,
                "data": "0.999267, 0.0117056, -0.0364461, 0.49203\n-0.00266814, 0.971081, 0.238733, 0.00488913\n0.0381866, -0.238461, 0.970401, 0.982624\n0, 0, 0, 1",
                "rows": 4
            },
            "idx": 1135
        },
        {
            "c0_T_c": {
                "cols": 4,
                "data": "0.993761, 0.0288433, -0.107735, 0.49014\n0.000194091, 0.965531, 0.260287, -0.00636131\n0.111529, -0.258684, 0.959502, 1.02076\n0, 0, 0, 1",
                "rows": 4
            },
            "idx": 1137
        },
        {
            "c0_T_c": {
                "cols": 4,
                "data": "0.978683, 0.0519808, -0.19869, 0.488943\n-0.00112278, 0.96878, 0.24792, -0.0266263\n0.205374, -0.242412, 0.948187, 1.05583\n0, 0, 0, 1",
                "rows": 4
            },
            "idx": 1139
        },
        {
            "c0_T_c": {
                "cols": 4,
                "data": "0.953071, 0.081092, -0.291686, 0.498579\n-0.0147504, 0.974753, 0.222797, -0.0504814\n0.302388, -0.208038, 0.930205, 1.08006\n0, 0, 0, 1",
                "rows": 4
            },
            "idx": 1141
        },
        {
            "c0_T_c": {
                "cols": 4,
                "data": "0.918696, 0.11433, -0.378055, 0.500181\n-0.035302, 0.977126, 0.209712, -0.0684892\n0.393384, -0.179315, 0.901718, 1.09647\n0, 0, 0, 1",
                "rows": 4
            },
            "idx": 1143
        }
    ],
    "seqID": 1
}
