{
    "data": [
        {
            "c0_T_c": {
                "cols": 4,
                "data": "1, 6.93889e-18, 3.64292e-17, 0\n0, 1, 2.77556e-17, 4.44089e-16\n-1.82146e-17, 0, 1, 0\n0, 0, 0, 1",
                "rows": 4
            },
            "idx": 237
        },
        {
            "c0_T_c": {
                "cols": 4,
                "data": "0.999684, -0.024265, 0.00654518, 0.0279637\n0.0242869, 0.9997, -0.00327392, -0.0250203\n-0.00646378, 0.00343185, 0.999973, 0.118525\n0, 0, 0, 1",
                "rows": 4
            },
            "idx": 241
        },
        {
            "c0_T_c": {
                "cols": 4,
                "data": "0.999784, -0.0203949, 0.00403309, 0.0363628\n0.020481, 0.999535, -0.022606, -0.0314212\n-0.00357017, 0.0226837, 0.999736, 0.185452\n0, 0, 0, 1",
                "rows": 4
            },
            "idx": 243
        },
        {
            "c0_T_c": {
                "cols": 4,
                "data": "0.999953, -0.00966622, -0.000309491, 0.041455\n0.00964191, 0.998904, -0.0457971, -0.0397535\n0.000751837, 0.0457919, 0.998951, 0.256384\n0, 0, 0, 1",
                "rows": 4
            },
            "idx": 245
        },
        {
            "c0_T_c": {
                "cols": 4,
                "data": "0.999926, -0.00609685, -0.0105539, 0.0453259\n0.00532531, 0.997416, -0.0716493, -0.0509863\n0.0109635, 0.0715878, 0.997374, 0.327587\n0, 0, 0, 1",
                "rows": 4
            },
            "idx": 247
        },
        {
            "c0_T_c": {
                "cols": 4,
                "data": "0.999276, -0.0121903, -0.0360389, 0.049396\n0.00876358, 0.995557, -0.0937569, -0.0682327\n0.0370216, 0.0933732, 0.994943, 0.397361\n0, 0, 0, 1",
                "rows": 4
            },
            "idx": 249
        },
        {
            "c0_T_c": {
                "cols": 4,
                "data": "0.997693, -0.00761198, -0.0674568, 0.0504534\n0.0012349, 0.995564, -0.0940775, -0.0931926\n0.0678736, 0.0937772, 0.993277, 0.458341\n0, 0, 0, 1",
                "rows": 4
            },
            "idx": 251
        },
        {
            "c0_T_c": {
                "cols": 4,
                "data": "0.994702, 0.00484137, -0.10269, 0.0467295\n-0.0127526, 0.996986, -0.0765236, -0.118195\n0.10201, 0.0774277, 0.991766, 0.511726\n0, 0, 0, 1",
                "rows": 4
            },
            "idx": 253
        },
        {
            "c0_T_c": {
                "cols": 4,
                "data": "0.990381, 0.0136972, -0.137691, 0.0374749\n-0.0216944, 0.998153, -0.0567484, -0.139472\n0.136659, 0.0591897, 0.988848, 0.564161\n0, 0, 0, 1",
                "rows": 4
            },
            "idx": 255
        },
        {
            "c0_T_c": {
                "cols": 4,
                "data": "0.985792, 0.0183977, -0.166958, 0.0263091\n-0.0255563, 0.998839, -0.0408299, -0.156752\n0.166013, 0.0445167, 0.985118, 0.616476\n0, 0, 0, 1",
                "rows": 4
            },
            "idx": 257
        },
        {
            "c0_T_c": {
                "cols": 4,
                "data": "0.9803, 0.0157454, -0.196884, 0.0148221\n-0.0227801, 0.999179, -0.0335165, -0.170394\n0.196194, 0.0373413, 0.979854, 0.671578\n0, 0, 0, 1",
                "rows": 4
            },
            "idx": 259
        },
        {
            "c0_T_c": {
                "cols": 4,
                "data": "0.975446, 0.0136167, -0.219819, 0.00141\n-0.0223637, 0.999052, -0.0373525, -0.180211\n0.219102, 0.0413513, 0.974825, 0.727756\n0, 0, 0, 1",
                "rows": 4
            },
            "idx": 261
        },
        {
            "c0_T_c": {
                "cols": 4,
                "data": "0.972698, 0.0195468, -0.231248, -0.0145066\n-0.0320655, 0.998209, -0.0505008, -0.188907\n0.229847, 0.0565372, 0.971583, 0.786785\n0, 0, 0, 1",
                "rows": 4
            },
            "idx": 263
        },
        {
            "c0_T_c": {
                "cols": 4,
                "data": "0.972512, 0.0286875, -0.231081, -0.0323327\n-0.0467721, 0.996222, -0.073166, -0.197609\n0.228109, 0.0819629, 0.97018, 0.848662\n0, 0, 0, 1",
                "rows": 4
            },
            "idx": 265
        },
        {
            "c0_T_c": {
                "cols": 4,
                "data": "0.972466, 0.031767, -0.230871, -0.0508371\n-0.0571687, 0.992914, -0.104182, -0.207545\n0.225925, 0.114512, 0.967391, 0.913999\n0, 0, 0, 1",
                "rows": 4
            },
            "idx": 267
        },
        {
            "c0_T_c": {
                "cols": 4,
                "data": "0.972287, 0.0304765, -0.231795, -0.0704348\n-0.0627012, 0.989137, -0.132955, -0.222593\n0.225225, 0.143804, 0.963636, 0.98228\n0, 0, 0, 1",
                "rows": 4
            },
            "idx": 269
        },
        {
            "c0_T_c": {
                "cols": 4,
                "data": "0.974887, 0.0700633, -0.21139, -0.1083\n-0.099762, 0.986047, -0.133266, -0.267924\n0.199104, 0.151008, 0.968274, 1.10625\n0, 0, 0, 1",
                "rows": 4
            },
            "idx": 273
        },
        {
            "c0_T_c": {
                "cols": 4,
                "data": "0.973827, 0.0516025, -0.221354, -0.161712\n-0.083462, 0.987037, -0.137084, -0.323129\n0.211411, 0.15197, 0.96551, 1.26181\n0, 0, 0, 1",
                "rows": 4
            },
            "idx": 279
        },
        {
            "c0_T_c": {
                "cols": 4,
                "data": "0.970118, 0.03112, -0.240629, -0.179131\n-0.064326, 0.98924, -0.1314, -0.331924\n0.23395, 0.142952, 0.961682, 1.31062\n0, 0, 0, 1",
                "rows": 4
            },
            "idx": 281
        },
        {
            "c0_T_c": {
                "cols": 4,
                "data": "0.965369, 0.0240324, -0.259779, -0.196025\n-0.0585755, 0.990292, -0.126061, -0.336683\n0.254228, 0.136912, 0.957405, 1.36422\n0, 0, 0, 1",
                "rows": 4
            },
            "idx": 283
        },
        {
            "c0_T_c": {
                "cols": 4,
                "data": "0.958613, 0.0168961, -0.28421, -0.212522\n-0.0557164, 0.990069, -0.129067, -0.341431\n0.279206, 0.139561, 0.950035, 1.42049\n0, 0, 0, 1",
                "rows": 4
            },
            "idx": 285
        }
    ],
    "seqID": 1
}
