{
    "data": [
        {
            "c0_T_c": {
                "cols": 4,
                "data": "1, 1.73472e-17, -6.41848e-17, -1.11022e-16\n-2.42861e-17, 1, 0, -3.33067e-16\n-5.72459e-17, -5.55112e-17, 1, -4.44089e-16\n0, 0, 0, 1",
                "rows": 4
            },
            "idx": 1685
        },
        {
            "c0_T_c": {
                "cols": 4,
                "data": "0.999841, -0.0126683, 0.0125381, 0.0184947\n0.012699, 0.999917, -0.00236963, -0.000333107\n-0.012507, 0.00252847, 0.999919, -0.03661\n0, 0, 0, 1",
                "rows": 4
            },
            "idx": 1687
        },
        {
            "c0_T_c": {
                "cols": 4,
                "data": "0.999121, -0.0309294, 0.0282871, 0.0398883\n0.0316086, 0.999215, -0.0238843, -0.0017097\n-0.0275262, 0.0247574, 0.999314, -0.0819417\n0, 0, 0, 1",
                "rows": 4
            },
            "idx": 1689
        },
        {
            "c0_T_c": {
                "cols": 4,
                "data": "0.997815, -0.041852, 0.0511218, 0.0637678\n0.0448797, 0.997214, -0.0595889, -0.000626966\n-0.0484854, 0.061753, 0.996913, -0.132676\n0, 0, 0, 1",
                "rows": 4
            },
            "idx": 1691
        },
        {
            "c0_T_c": {
                "cols": 4,
                "data": "0.995743, -0.0494498, 0.0777838, 0.0879287\n0.0567168, 0.993939, -0.0941757, 0.00646837\n-0.0726554, 0.0981864, 0.992512, -0.188423\n0, 0, 0, 1",
                "rows": 4
            },
            "idx": 1693
        },
        {
            "c0_T_c": {
                "cols": 4,
                "data": "0.992123, -0.0642535, 0.107534, 0.109893\n0.0768338, 0.990124, -0.117262, 0.0145123\n-0.0989371, 0.124601, 0.987262, -0.241944\n0, 0, 0, 1",
                "rows": 4
            },
            "idx": 1695
        },
        {
            "c0_T_c": {
                "cols": 4,
                "data": "0.987152, -0.0829762, 0.136552, 0.128491\n0.0997578, 0.987624, -0.121029, 0.0263985\n-0.12482, 0.133097, 0.983212, -0.288044\n0, 0, 0, 1",
                "rows": 4
            },
            "idx": 1697
        },
        {
            "c0_T_c": {
                "cols": 4,
                "data": "0.980653, -0.0918728, 0.172854, 0.143382\n0.111045, 0.988283, -0.104717, 0.0373311\n-0.161208, 0.121886, 0.979365, -0.322389\n0, 0, 0, 1",
                "rows": 4
            },
            "idx": 1699
        },
        {
            "c0_T_c": {
                "cols": 4,
                "data": "0.973069, -0.100781, 0.207316, 0.151662\n0.121929, 0.988278, -0.0918704, 0.0435579\n-0.195627, 0.114674, 0.973951, -0.348237\n0, 0, 0, 1",
                "rows": 4
            },
            "idx": 1701
        },
        {
            "c0_T_c": {
                "cols": 4,
                "data": "0.966035, -0.116283, 0.230769, 0.152641\n0.140628, 0.985782, -0.0919611, 0.0445184\n-0.216794, 0.12129, 0.968653, -0.369146\n0, 0, 0, 1",
                "rows": 4
            },
            "idx": 1703
        },
        {
            "c0_T_c": {
                "cols": 4,
                "data": "0.959934, -0.113162, 0.256361, 0.139178\n0.146991, 0.982213, -0.116837, 0.0439996\n-0.238579, 0.149839, 0.959494, -0.403395\n0, 0, 0, 1",
                "rows": 4
            },
            "idx": 1707
        },
        {
            "c0_T_c": {
                "cols": 4,
                "data": "0.960771, -0.091516, 0.261809, 0.125066\n0.130311, 0.982259, -0.134856, 0.0447029\n-0.244823, 0.163682, 0.955652, -0.425061\n0, 0, 0, 1",
                "rows": 4
            },
            "idx": 1709
        },
        {
            "c0_T_c": {
                "cols": 4,
                "data": "0.96493, -0.0566587, 0.256318, 0.10536\n0.101386, 0.981102, -0.164803, 0.0445938\n-0.242137, 0.18501, 0.952439, -0.44544\n0, 0, 0, 1",
                "rows": 4
            },
            "idx": 1711
        },
        {
            "c0_T_c": {
                "cols": 4,
                "data": "0.970599, -0.032472, 0.238501, 0.0846327\n0.081232, 0.976917, -0.197572, 0.0519272\n-0.22658, 0.211137, 0.950832, -0.468408\n0, 0, 0, 1",
                "rows": 4
            },
            "idx": 1713
        },
        {
            "c0_T_c": {
                "cols": 4,
                "data": "0.974748, -0.0135389, 0.222898, 0.0666208\n0.0605917, 0.976749, -0.205643, 0.0696738\n-0.214931, 0.213956, 0.952905, -0.489686\n0, 0, 0, 1",
                "rows": 4
            },
            "idx": 1715
        }
    ],
    "seqID": 0
}
