{
    "data": [
        {
            "c0_T_c": {
                "cols": 4,
                "data": "1, 0, 5.55112e-17, 0\n-2.77556e-17, 1, -4.16334e-17, 0\n-7.28584e-17, 1.38778e-17, 1, 4.44089e-16\n0, 0, 0, 1",
                "rows": 4
            },
            "idx": 1019
        },
        {
            "c0_T_c": {
                "cols": 4,
                "data": "0.999709, 0.0241151, -5.27579e-05, 0.0130358\n-0.0241094, 0.999418, -0.0241162, 0.00647188\n-0.000528838, 0.0241105, 0.999709, 0.128615\n0, 0, 0, 1",
                "rows": 4
            },
            "idx": 1023
        },
        {
            "c0_T_c": {
                "cols": 4,
                "data": "0.999909, 0.0115199, 0.00708665, 0.0186789\n-0.0109803, 0.997346, -0.0719778, 0.0020407\n-0.00789702, 0.0718934, 0.997381, 0.19753\n0, 0, 0, 1",
                "rows": 4
            },
            "idx": 1025
        },
        {
            "c0_T_c": {
                "cols": 4,
                "data": "0.999794, -0.00305678, 0.0200777, 0.0194842\n0.004529, 0.997271, -0.0736953, -0.00784722\n-0.0197977, 0.0737711, 0.997079, 0.271966\n0, 0, 0, 1",
                "rows": 4
            },
            "idx": 1027
        },
        {
            "c0_T_c": {
                "cols": 4,
                "data": "0.998715, -0.0183802, 0.0472342, 0.0170338\n0.0195291, 0.999522, -0.0239787, -0.0268948\n-0.0467708, 0.0248703, 0.998596, 0.352491\n0, 0, 0, 1",
                "rows": 4
            },
            "idx": 1029
        },
        {
            "c0_T_c": {
                "cols": 4,
                "data": "0.995572, -0.0503197, 0.0793943, 0.0171778\n0.0525467, 0.998274, -0.0262131, -0.0519748\n-0.0779383, 0.0302689, 0.996499, 0.42512\n0, 0, 0, 1",
                "rows": 4
            },
            "idx": 1031
        },
        {
            "c0_T_c": {
                "cols": 4,
                "data": "0.988868, -0.096242, 0.113476, 0.0223966\n0.105046, 0.991685, -0.0743348, -0.0745383\n-0.105378, 0.0854276, 0.990756, 0.486648\n0, 0, 0, 1",
                "rows": 4
            },
            "idx": 1033
        },
        {
            "c0_T_c": {
                "cols": 4,
                "data": "0.982838, -0.127823, 0.133009, 0.0305934\n0.142659, 0.983783, -0.108715, -0.091641\n-0.116956, 0.125824, 0.985134, 0.540327\n0, 0, 0, 1",
                "rows": 4
            },
            "idx": 1035
        },
        {
            "c0_T_c": {
                "cols": 4,
                "data": "0.982498, -0.15087, 0.109249, 0.0376557\n0.160884, 0.982908, -0.0894889, -0.118843\n-0.0938809, 0.105499, 0.989978, 0.650267\n0, 0, 0, 1",
                "rows": 4
            },
            "idx": 1039
        },
        {
            "c0_T_c": {
                "cols": 4,
                "data": "0.981081, -0.175518, 0.0816904, 0.0412823\n0.182386, 0.979463, -0.0859473, -0.127623\n-0.0649274, 0.0992205, 0.992945, 0.706739\n0, 0, 0, 1",
                "rows": 4
            },
            "idx": 1041
        },
        {
            "c0_T_c": {
                "cols": 4,
                "data": "0.979814, -0.191877, 0.056098, 0.0464333\n0.196802, 0.975113, -0.102095, -0.135652\n-0.0351122, 0.111075, 0.993192, 0.764307\n0, 0, 0, 1",
                "rows": 4
            },
            "idx": 1043
        }
    ],
    "seqID": 0
}
