{
    "data": [
        {
            "c0_T_c": {
                "cols": 4,
                "data": "1, 0, -2.77556e-17, -3.33067e-16\n-2.77556e-17, 1, -5.55112e-17, -2.01228e-16\n0, -2.77556e-17, 1, 0\n0, 0, 0, 1",
                "rows": 4
            },
            "idx": 1574
        },
        {
            "c0_T_c": {
                "cols": 4,
                "data": "0.999352, 0.0214164, -0.0289124, -0.0210187\n-0.0238049, 0.9961, -0.0849646, -0.0304569\n0.02698, 0.0855978, 0.995964, -0.0159435\n0, 0, 0, 1",
                "rows": 4
            },
            "idx": 1576
        },
        {
            "c0_T_c": {
                "cols": 4,
                "data": "0.997653, 0.0482541, -0.0485878, -0.043973\n-0.0551553, 0.98676, -0.152519, -0.0519715\n0.0405848, 0.154841, 0.987105, -0.0332984\n0, 0, 0, 1",
                "rows": 4
            },
            "idx": 1578
        },
        {
            "c0_T_c": {
                "cols": 4,
                "data": "0.995607, 0.0731975, -0.0583876, -0.0659922\n-0.0835416, 0.97604, -0.200916, -0.0640868\n0.0422821, 0.204911, 0.977867, -0.0455184\n0, 0, 0, 1",
                "rows": 4
            },
            "idx": 1580
        },
        {
            "c0_T_c": {
                "cols": 4,
                "data": "0.993464, 0.0937089, -0.0651722, -0.08983\n-0.106738, 0.965004, -0.239531, -0.0694606\n0.0404452, 0.244922, 0.968699, -0.0489819\n0, 0, 0, 1",
                "rows": 4
            },
            "idx": 1582
        },
        {
            "c0_T_c": {
                "cols": 4,
                "data": "0.992244, 0.105524, -0.0657046, -0.110735\n-0.119636, 0.954195, -0.274223, -0.0720892\n0.0337579, 0.279956, 0.959419, -0.0378083\n0, 0, 0, 1",
                "rows": 4
            },
            "idx": 1584
        },
        {
            "c0_T_c": {
                "cols": 4,
                "data": "0.991874, 0.115106, -0.0541875, -0.130095\n-0.126197, 0.944154, -0.30438, -0.0740339\n0.0161254, 0.308745, 0.951008, -0.0204483\n0, 0, 0, 1",
                "rows": 4
            },
            "idx": 1586
        },
        {
            "c0_T_c": {
                "cols": 4,
                "data": "0.992133, 0.121024, -0.0320201, -0.141626\n-0.124749, 0.934364, -0.333768, -0.0731572\n-0.0104755, 0.335137, 0.942111, -0.00148469\n0, 0, 0, 1",
                "rows": 4
            },
            "idx": 1588
        },
        {
            "c0_T_c": {
                "cols": 4,
                "data": "0.992272, 0.123606, 0.0109024, -0.144752\n-0.111433, 0.926301, -0.359929, -0.076605\n-0.0545882, 0.355933, 0.932916, 0.0172937\n0, 0, 0, 1",
                "rows": 4
            },
            "idx": 1590
        },
        {
            "c0_T_c": {
                "cols": 4,
                "data": "0.989168, 0.131105, 0.0660157, -0.141749\n-0.0953351, 0.915774, -0.390218, -0.0887331\n-0.111615, 0.379697, 0.918353, 0.0308528\n0, 0, 0, 1",
                "rows": 4
            },
            "idx": 1592
        },
        {
            "c0_T_c": {
                "cols": 4,
                "data": "0.980648, 0.151118, 0.124473, -0.138749\n-0.0840025, 0.899053, -0.429706, -0.108774\n-0.176844, 0.410934, 0.894349, 0.0393993\n0, 0, 0, 1",
                "rows": 4
            },
            "idx": 1594
        },
        {
            "c0_T_c": {
                "cols": 4,
                "data": "0.96598, 0.180064, 0.185632, -0.140918\n-0.0739187, 0.880082, -0.469033, -0.134517\n-0.247827, 0.439355, 0.863452, 0.0743815\n0, 0, 0, 1",
                "rows": 4
            },
            "idx": 1596
        },
        {
            "c0_T_c": {
                "cols": 4,
                "data": "0.949915, 0.201312, 0.239028, -0.116195\n-0.0582869, 0.865581, -0.497366, -0.139373\n-0.307023, 0.458523, 0.833962, 0.063807\n0, 0, 0, 1",
                "rows": 4
            },
            "idx": 1598
        },
        {
            "c0_T_c": {
                "cols": 4,
                "data": "0.928506, 0.228497, 0.292686, -0.0993448\n-0.0550125, 0.864192, -0.500145, -0.135665\n-0.367219, 0.448286, 0.814978, 0.0796103\n0, 0, 0, 1",
                "rows": 4
            },
            "idx": 1600
        },
        {
            "c0_T_c": {
                "cols": 4,
                "data": "0.90765, 0.245965, 0.340106, -0.0795325\n-0.0559291, 0.873952, -0.482784, -0.123004\n-0.415984, 0.419177, 0.806999, 0.0958567\n0, 0, 0, 1",
                "rows": 4
            },
            "idx": 1602
        },
        {
            "c0_T_c": {
                "cols": 4,
                "data": "0.886898, 0.254204, 0.385737, -0.0600613\n-0.0596617, 0.891025, -0.450017, -0.0951101\n-0.458097, 0.376106, 0.805414, 0.116184\n0, 0, 0, 1",
                "rows": 4
            },
            "idx": 1604
        },
        {
            "c0_T_c": {
                "cols": 4,
                "data": "0.864104, 0.25002, 0.436823, -0.031395\n-0.0566496, 0.910693, -0.409182, -0.0677489\n-0.500115, 0.32883, 0.801097, 0.12734\n0, 0, 0, 1",
                "rows": 4
            },
            "idx": 1606
        },
        {
            "c0_T_c": {
                "cols": 4,
                "data": "0.840304, 0.231788, 0.490065, 0.00261037\n-0.0445218, 0.930439, -0.363733, -0.0464364\n-0.540284, 0.283828, 0.792171, 0.142383\n0, 0, 0, 1",
                "rows": 4
            },
            "idx": 1608
        },
        {
            "c0_T_c": {
                "cols": 4,
                "data": "0.818554, 0.203574, 0.537147, 0.0384745\n-0.025814, 0.947188, -0.319639, -0.0312906\n-0.573849, 0.247776, 0.78058, 0.157457\n0, 0, 0, 1",
                "rows": 4
            },
            "idx": 1610
        },
        {
            "c0_T_c": {
                "cols": 4,
                "data": "0.799574, 0.180117, 0.572922, 0.074377\n-0.0142854, 0.959401, -0.281683, -0.0195294\n-0.600398, 0.217042, 0.769685, 0.177216\n0, 0, 0, 1",
                "rows": 4
            },
            "idx": 1612
        },
        {
            "c0_T_c": {
                "cols": 4,
                "data": "0.788825, 0.160086, 0.593404, 0.105894\n-0.0136398, 0.969805, -0.243499, -0.0109398\n-0.614467, 0.183984, 0.76719, 0.201758\n0, 0, 0, 1",
                "rows": 4
            },
            "idx": 1614
        },
        {
            "c0_T_c": {
                "cols": 4,
                "data": "0.784406, 0.136993, 0.60493, 0.133626\n-0.0165483, 0.979579, -0.200378, -0.003958\n-0.620027, 0.147167, 0.770655, 0.230929\n0, 0, 0, 1",
                "rows": 4
            },
            "idx": 1616
        },
        {
            "c0_T_c": {
                "cols": 4,
                "data": "0.787238, 0.109085, 0.606925, 0.159082\n-0.019309, 0.988107, -0.152551, 0.00456831\n-0.616347, 0.108375, 0.779981, 0.259054\n0, 0, 0, 1",
                "rows": 4
            },
            "idx": 1618
        },
        {
            "c0_T_c": {
                "cols": 4,
                "data": "0.7963, 0.0853845, 0.598845, 0.178053\n-0.0263946, 0.993949, -0.106622, 0.0127826\n-0.604326, 0.0690964, 0.793735, 0.287061\n0, 0, 0, 1",
                "rows": 4
            },
            "idx": 1620
        },
        {
            "c0_T_c": {
                "cols": 4,
                "data": "0.80862, 0.07022, 0.584125, 0.195719\n-0.0394801, 0.99709, -0.0652107, 0.0249763\n-0.587005, 0.0296694, 0.80904, 0.311609\n0, 0, 0, 1",
                "rows": 4
            },
            "idx": 1622
        }
    ],
    "seqID": 0
}
