{
    "data": [
        {
            "c0_T_c": {
                "cols": 4,
                "data": "1, 0, 1.38778e-17, 0\n2.77556e-17, 1, 1.11022e-16, 3.33067e-16\n0, 0, 1, 4.44089e-16\n0, 0, 0, 1",
                "rows": 4
            },
            "idx": 1499
        },
        {
            "c0_T_c": {
                "cols": 4,
                "data": "0.996821, 0.0266702, -0.075075, -0.00346237\n-0.0264889, 0.999643, 0.00341019, 0.0126059\n0.0751392, -0.00141069, 0.997172, -0.0368662\n0, 0, 0, 1",
                "rows": 4
            },
            "idx": 1501
        },
        {
            "c0_T_c": {
                "cols": 4,
                "data": "0.987005, 0.0522653, -0.151951, -0.00901813\n-0.0519467, 0.998631, 0.00606804, 0.0238552\n0.15206, 0.00190416, 0.988369, -0.0757313\n0, 0, 0, 1",
                "rows": 4
            },
            "idx": 1503
        },
        {
            "c0_T_c": {
                "cols": 4,
                "data": "0.970011, 0.0648306, -0.234256, -0.0183234\n-0.065029, 0.99786, 0.00688572, 0.0295664\n0.234201, 0.00855421, 0.972151, -0.11821\n0, 0, 0, 1",
                "rows": 4
            },
            "idx": 1505
        },
        {
            "c0_T_c": {
                "cols": 4,
                "data": "0.944556, 0.0655069, -0.321749, -0.0295748\n-0.0683027, 0.997661, 0.00260438, 0.0290344\n0.321167, 0.0195163, 0.946821, -0.159978\n0, 0, 0, 1",
                "rows": 4
            },
            "idx": 1507
        },
        {
            "c0_T_c": {
                "cols": 4,
                "data": "0.9144, 0.0670699, -0.399218, -0.0410185\n-0.0742857, 0.997234, -0.00261103, 0.0241698\n0.397938, 0.0320437, 0.916852, -0.200428\n0, 0, 0, 1",
                "rows": 4
            },
            "idx": 1509
        },
        {
            "c0_T_c": {
                "cols": 4,
                "data": "0.883716, 0.0702692, -0.462718, -0.0523688\n-0.0860449, 0.996206, -0.0130461, 0.0126966\n0.460046, 0.0513436, 0.88641, -0.236085\n0, 0, 0, 1",
                "rows": 4
            },
            "idx": 1511
        },
        {
            "c0_T_c": {
                "cols": 4,
                "data": "0.854149, 0.0640211, -0.516072, -0.0611673\n-0.0990367, 0.994256, -0.0405734, -0.00655771\n0.51051, 0.0857658, 0.855584, -0.266724\n0, 0, 0, 1",
                "rows": 4
            },
            "idx": 1513
        },
        {
            "c0_T_c": {
                "cols": 4,
                "data": "0.829327, 0.0474869, -0.556743, -0.065534\n-0.115564, 0.989416, -0.0877528, -0.0291432\n0.546683, 0.137115, 0.826037, -0.295622\n0, 0, 0, 1",
                "rows": 4
            },
            "idx": 1515
        },
        {
            "c0_T_c": {
                "cols": 4,
                "data": "0.816446, 0.0273831, -0.576772, -0.0627579\n-0.13795, 0.9792, -0.148785, -0.0537236\n0.560701, 0.201041, 0.803241, -0.320573\n0, 0, 0, 1",
                "rows": 4
            },
            "idx": 1517
        },
        {
            "c0_T_c": {
                "cols": 4,
                "data": "0.813607, 0.00597541, -0.581385, -0.0565863\n-0.160682, 0.963313, -0.214963, -0.0762501\n0.558771, 0.268314, 0.784718, -0.34336\n0, 0, 0, 1",
                "rows": 4
            },
            "idx": 1519
        },
        {
            "c0_T_c": {
                "cols": 4,
                "data": "0.822826, -0.0194842, -0.567959, -0.0459526\n-0.17379, 0.942905, -0.284125, -0.0961686\n0.541067, 0.332491, 0.772461, -0.364017\n0, 0, 0, 1",
                "rows": 4
            },
            "idx": 1521
        },
        {
            "c0_T_c": {
                "cols": 4,
                "data": "0.841789, -0.0418269, -0.538184, -0.0326776\n-0.178135, 0.919619, -0.350097, -0.112371\n0.509568, 0.390577, 0.766675, -0.380893\n0, 0, 0, 1",
                "rows": 4
            },
            "idx": 1523
        },
        {
            "c0_T_c": {
                "cols": 4,
                "data": "0.864313, -0.058663, -0.499521, -0.0160007\n-0.174204, 0.896781, -0.406738, -0.12473\n0.471822, 0.438568, 0.764881, -0.397067\n0, 0, 0, 1",
                "rows": 4
            },
            "idx": 1525
        },
        {
            "c0_T_c": {
                "cols": 4,
                "data": "0.89396, -0.0675136, -0.443032, 0.00381223\n-0.159456, 0.875973, -0.455243, -0.132169\n0.418819, 0.477613, 0.772319, -0.404543\n0, 0, 0, 1",
                "rows": 4
            },
            "idx": 1527
        },
        {
            "c0_T_c": {
                "cols": 4,
                "data": "0.926156, -0.0633428, -0.371782, 0.0258695\n-0.141515, 0.855395, -0.49827, -0.130989\n0.349582, 0.514089, 0.783266, -0.40758\n0, 0, 0, 1",
                "rows": 4
            },
            "idx": 1529
        },
        {
            "c0_T_c": {
                "cols": 4,
                "data": "0.955359, -0.0499726, -0.291191, 0.0477142\n-0.118743, 0.837541, -0.533315, -0.121962\n0.270535, 0.544084, 0.794219, -0.412705\n0, 0, 0, 1",
                "rows": 4
            },
            "idx": 1531
        },
        {
            "c0_T_c": {
                "cols": 4,
                "data": "0.976731, -0.0306777, -0.212262, 0.0676903\n-0.0928048, 0.8318, -0.547262, -0.104218\n0.193349, 0.554226, 0.809598, -0.40784\n0, 0, 0, 1",
                "rows": 4
            },
            "idx": 1533
        },
        {
            "c0_T_c": {
                "cols": 4,
                "data": "0.991246, -0.00696687, -0.131843, 0.0893805\n-0.0651391, 0.842796, -0.534277, -0.0802087\n0.114839, 0.538188, 0.834964, -0.39609\n0, 0, 0, 1",
                "rows": 4
            },
            "idx": 1535
        },
        {
            "c0_T_c": {
                "cols": 4,
                "data": "0.998428, 0.0177355, -0.0531763, 0.108214\n-0.0421589, 0.862786, -0.503809, -0.0532277\n0.0369445, 0.505258, 0.862177, -0.385359\n0, 0, 0, 1",
                "rows": 4
            },
            "idx": 1537
        },
        {
            "c0_T_c": {
                "cols": 4,
                "data": "0.998871, 0.0409096, 0.0241317, 0.130751\n-0.0246243, 0.880496, -0.473413, -0.0307465\n-0.040615, 0.472284, 0.88051, -0.379493\n0, 0, 0, 1",
                "rows": 4
            },
            "idx": 1539
        },
        {
            "c0_T_c": {
                "cols": 4,
                "data": "0.994097, 0.0632436, 0.0881531, 0.151412\n-0.0170617, 0.893544, -0.448651, -0.00938472\n-0.107143, 0.444499, 0.889349, -0.376626\n0, 0, 0, 1",
                "rows": 4
            },
            "idx": 1541
        },
        {
            "c0_T_c": {
                "cols": 4,
                "data": "0.986899, 0.0886625, 0.134795, 0.163247\n-0.0244154, 0.907919, -0.418433, 0.0145144\n-0.159483, 0.40966, 0.898189, -0.367872\n0, 0, 0, 1",
                "rows": 4
            },
            "idx": 1543
        },
        {
            "c0_T_c": {
                "cols": 4,
                "data": "0.980881, 0.108287, 0.161697, 0.167486\n-0.0410449, 0.927314, -0.372027, 0.0391724\n-0.19023, 0.358277, 0.914029, -0.356636\n0, 0, 0, 1",
                "rows": 4
            },
            "idx": 1545
        },
        {
            "c0_T_c": {
                "cols": 4,
                "data": "0.978134, 0.113478, 0.17429, 0.172469\n-0.053146, 0.946584, -0.318048, 0.0675054\n-0.201072, 0.301831, 0.931916, -0.349737\n0, 0, 0, 1",
                "rows": 4
            },
            "idx": 1547
        },
        {
            "c0_T_c": {
                "cols": 4,
                "data": "0.978533, 0.109697, 0.174468, 0.180427\n-0.0609647, 0.962757, -0.263406, 0.0940887\n-0.196865, 0.247115, 0.948777, -0.34818\n0, 0, 0, 1",
                "rows": 4
            },
            "idx": 1549
        },
        {
            "c0_T_c": {
                "cols": 4,
                "data": "0.980569, 0.110549, 0.162062, 0.187148\n-0.0745421, 0.974105, -0.213454, 0.115166\n-0.181462, 0.197226, 0.963418, -0.347476\n0, 0, 0, 1",
                "rows": 4
            },
            "idx": 1551
        },
        {
            "c0_T_c": {
                "cols": 4,
                "data": "0.98334, 0.114116, 0.141495, 0.193088\n-0.0896624, 0.981607, -0.168547, 0.134279\n-0.158126, 0.153052, 0.975485, -0.348767\n0, 0, 0, 1",
                "rows": 4
            },
            "idx": 1553
        },
        {
            "c0_T_c": {
                "cols": 4,
                "data": "0.98728, 0.116569, 0.108123, 0.202732\n-0.102245, 0.986267, -0.129703, 0.150268\n-0.121757, 0.116998, 0.98564, -0.359377\n0, 0, 0, 1",
                "rows": 4
            },
            "idx": 1555
        },
        {
            "c0_T_c": {
                "cols": 4,
                "data": "0.990179, 0.122188, 0.0679394, 0.217177\n-0.115865, 0.989151, -0.0903068, 0.168131\n-0.0782368, 0.0815481, 0.993594, -0.376193\n0, 0, 0, 1",
                "rows": 4
            },
            "idx": 1557
        }
    ],
    "seqID": 0
}
