{
    "data": [
        {
            "c0_T_c": {
                "cols": 4,
                "data": "1, 0, 0, 0\n0, 1, 0, 1.38778e-17\n-3.46945e-18, 2.77556e-17, 1, -5.55112e-17\n0, 0, 0, 1",
                "rows": 4
            },
            "idx": 1022
        },
        {
            "c0_T_c": {
                "cols": 4,
                "data": "0.99969, 0.012657, -0.0214283, 0.00147747\n-0.0128436, 0.999881, -0.00859458, 0.000435774\n0.021317, 0.00886714, 0.999733, 0.0458429\n0, 0, 0, 1",
                "rows": 4
            },
            "idx": 1024
        },
        {
            "c0_T_c": {
                "cols": 4,
                "data": "0.99823, 0.0230653, -0.0548187, -0.00216236\n-0.0229089, 0.999731, 0.00348053, 0.00671728\n0.0548843, -0.00221853, 0.99849, 0.0914622\n0, 0, 0, 1",
                "rows": 4
            },
            "idx": 1026
        },
        {
            "c0_T_c": {
                "cols": 4,
                "data": "0.992649, 0.0194999, -0.119446, -0.0141983\n-0.0174137, 0.999677, 0.0184843, 0.00502212\n0.119768, -0.0162684, 0.992669, 0.137337\n0, 0, 0, 1",
                "rows": 4
            },
            "idx": 1028
        },
        {
            "c0_T_c": {
                "cols": 4,
                "data": "0.977431, 0.0112972, -0.210955, -0.0284746\n-0.00396033, 0.999374, 0.0351693, -0.00604564\n0.21122, -0.0335401, 0.976863, 0.182737\n0, 0, 0, 1",
                "rows": 4
            },
            "idx": 1030
        },
        {
            "c0_T_c": {
                "cols": 4,
                "data": "0.956207, 0.0131909, -0.292392, -0.0417701\n0.00116777, 0.998804, 0.0488786, -0.0282096\n0.292687, -0.0470795, 0.955048, 0.226358\n0, 0, 0, 1",
                "rows": 4
            },
            "idx": 1032
        },
        {
            "c0_T_c": {
                "cols": 4,
                "data": "0.926785, 0.00354505, -0.375576, -0.0541402\n0.00982758, 0.999384, 0.0336841, -0.0594731\n0.375464, -0.0349089, 0.926179, 0.259946\n0, 0, 0, 1",
                "rows": 4
            },
            "idx": 1034
        },
        {
            "c0_T_c": {
                "cols": 4,
                "data": "0.888649, -0.0132696, -0.458395, -0.0609219\n0.0145732, 0.999894, -0.000692959, -0.0947986\n0.458356, -0.0060645, 0.888748, 0.284484\n0, 0, 0, 1",
                "rows": 4
            },
            "idx": 1036
        },
        {
            "c0_T_c": {
                "cols": 4,
                "data": "0.86041, -0.0155369, -0.509366, -0.058544\n0.00402336, 0.999711, -0.0236974, -0.124518\n0.509587, 0.0183401, 0.860224, 0.307385\n0, 0, 0, 1",
                "rows": 4
            },
            "idx": 1038
        },
        {
            "c0_T_c": {
                "cols": 4,
                "data": "0.844316, -0.0230029, -0.535352, -0.0448467\n-0.000926734, 0.999014, -0.044387, -0.150554\n0.535845, 0.0379727, 0.843462, 0.332701\n0, 0, 0, 1",
                "rows": 4
            },
            "idx": 1040
        },
        {
            "c0_T_c": {
                "cols": 4,
                "data": "0.834081, -0.0463973, -0.549687, -0.0234933\n0.00460659, 0.997008, -0.0771643, -0.176206\n0.551622, 0.0618291, 0.831799, 0.362057\n0, 0, 0, 1",
                "rows": 4
            },
            "idx": 1042
        },
        {
            "c0_T_c": {
                "cols": 4,
                "data": "0.83922, -0.0656057, -0.53982, 0.00752737\n0.00758065, 0.994011, -0.10902, -0.200411\n0.543739, 0.0873992, 0.834691, 0.385948\n0, 0, 0, 1",
                "rows": 4
            },
            "idx": 1044
        },
        {
            "c0_T_c": {
                "cols": 4,
                "data": "0.855662, -0.0733842, -0.512306, 0.0431418\n0.01011, 0.992077, -0.125222, -0.206849\n0.517436, 0.101968, 0.849625, 0.419832\n0, 0, 0, 1",
                "rows": 4
            },
            "idx": 1046
        },
        {
            "c0_T_c": {
                "cols": 4,
                "data": "0.878129, -0.0765675, -0.472258, 0.0822225\n0.0143966, 0.990892, -0.133885, -0.200368\n0.478208, 0.110769, 0.871233, 0.459927\n0, 0, 0, 1",
                "rows": 4
            },
            "idx": 1048
        },
        {
            "c0_T_c": {
                "cols": 4,
                "data": "0.909708, -0.0697563, -0.409348, 0.11992\n0.0148278, 0.990617, -0.135857, -0.191552\n0.414985, 0.11752, 0.902207, 0.507246\n0, 0, 0, 1",
                "rows": 4
            },
            "idx": 1050
        },
        {
            "c0_T_c": {
                "cols": 4,
                "data": "0.944422, -0.0489023, -0.325077, 0.157977\n0.00915982, 0.992404, -0.122679, -0.180857\n0.328607, 0.112883, 0.937697, 0.564542\n0, 0, 0, 1",
                "rows": 4
            },
            "idx": 1052
        },
        {
            "c0_T_c": {
                "cols": 4,
                "data": "0.97048, -0.0275433, -0.239604, 0.194921\n0.00214436, 0.994404, -0.105625, -0.174731\n0.241172, 0.101993, 0.965108, 0.628371\n0, 0, 0, 1",
                "rows": 4
            },
            "idx": 1054
        },
        {
            "c0_T_c": {
                "cols": 4,
                "data": "0.98771, -0.0154443, -0.155533, 0.235154\n-0.00168142, 0.993998, -0.109381, -0.183753\n0.156289, 0.108298, 0.981756, 0.691541\n0, 0, 0, 1",
                "rows": 4
            },
            "idx": 1056
        },
        {
            "c0_T_c": {
                "cols": 4,
                "data": "0.997725, -0.00839673, -0.0668883, 0.275925\n-9.4041e-05, 0.992038, -0.125937, -0.201536\n0.0674132, 0.125657, 0.989781, 0.757341\n0, 0, 0, 1",
                "rows": 4
            },
            "idx": 1058
        },
        {
            "c0_T_c": {
                "cols": 4,
                "data": "0.999549, -0.00522612, 0.0295837, 0.311451\n0.0090027, 0.991603, -0.129003, -0.215034\n-0.0286611, 0.129212, 0.991203, 0.820744\n0, 0, 0, 1",
                "rows": 4
            },
            "idx": 1060
        },
        {
            "c0_T_c": {
                "cols": 4,
                "data": "0.99316, -0.0136177, 0.115963, 0.337716\n0.026766, 0.993281, -0.112593, -0.224296\n-0.113651, 0.114927, 0.986851, 0.887979\n0, 0, 0, 1",
                "rows": 4
            },
            "idx": 1062
        },
        {
            "c0_T_c": {
                "cols": 4,
                "data": "0.981993, -0.0333501, 0.18595, 0.36299\n0.0520143, 0.993981, -0.0964146, -0.230077\n-0.181615, 0.104351, 0.977817, 0.943147\n0, 0, 0, 1",
                "rows": 4
            },
            "idx": 1064
        },
        {
            "c0_T_c": {
                "cols": 4,
                "data": "0.968415, -0.0475642, 0.244765, 0.384059\n0.0702892, 0.993902, -0.0849591, -0.231202\n-0.239232, 0.09948, 0.965853, 0.989011\n0, 0, 0, 1",
                "rows": 4
            },
            "idx": 1066
        },
        {
            "c0_T_c": {
                "cols": 4,
                "data": "0.956219, -0.0476449, 0.288749, 0.397071\n0.0688968, 0.995576, -0.0638833, -0.22138\n-0.284428, 0.0809803, 0.955271, 1.02963\n0, 0, 0, 1",
                "rows": 4
            },
            "idx": 1068
        },
        {
            "c0_T_c": {
                "cols": 4,
                "data": "0.950721, -0.0488956, 0.306169, 0.399641\n0.0605692, 0.99775, -0.0287382, -0.203074\n-0.304075, 0.0458665, 0.951543, 1.07095\n0, 0, 0, 1",
                "rows": 4
            },
            "idx": 1070
        },
        {
            "c0_T_c": {
                "cols": 4,
                "data": "0.950917, -0.0526309, 0.304938, 0.403089\n0.0522336, 0.99859, 0.00946707, -0.18978\n-0.305007, 0.00692563, 0.952325, 1.11211\n0, 0, 0, 1",
                "rows": 4
            },
            "idx": 1072
        },
        {
            "c0_T_c": {
                "cols": 4,
                "data": "0.957561, -0.0517486, 0.283548, 0.408547\n0.0427737, 0.998371, 0.0377567, -0.183395\n-0.28504, -0.0240259, 0.958214, 1.15012\n0, 0, 0, 1",
                "rows": 4
            },
            "idx": 1074
        },
        {
            "c0_T_c": {
                "cols": 4,
                "data": "0.968557, -0.0387197, 0.245761, 0.408189\n0.0280275, 0.998508, 0.0468571, -0.183939\n-0.247209, -0.0384957, 0.968197, 1.18276\n0, 0, 0, 1",
                "rows": 4
            },
            "idx": 1076
        },
        {
            "c0_T_c": {
                "cols": 4,
                "data": "0.982386, -0.0260398, 0.185038, 0.410014\n0.0183519, 0.9989, 0.0431401, -0.186984\n-0.185957, -0.0389845, 0.981784, 1.20669\n0, 0, 0, 1",
                "rows": 4
            },
            "idx": 1078
        }
    ],
    "seqID": 1
}
