{
    "data": [
        {
            "c0_T_c": {
                "cols": 4,
                "data": "1, 0, -1.0842e-17, 0\n0, 1, 0, -5.55112e-17\n7.37257e-17, 0, 1, 0\n0, 0, 0, 1",
                "rows": 4
            },
            "idx": 1347
        },
        {
            "c0_T_c": {
                "cols": 4,
                "data": "0.998527, 0.00629423, 0.0538978, -0.0264805\n-0.00583375, 0.999945, -0.00869662, -0.0109123\n-0.0539496, 0.00836938, 0.998509, 0.0352187\n0, 0, 0, 1",
                "rows": 4
            },
            "idx": 1349
        },
        {
            "c0_T_c": {
                "cols": 4,
                "data": "0.995376, 0.00395564, 0.0959764, -0.0468435\n-0.00282047, 0.999924, -0.0119604, -0.0221865\n-0.0960165, 0.0116344, 0.995312, 0.0677723\n0, 0, 0, 1",
                "rows": 4
            },
            "idx": 1351
        },
        {
            "c0_T_c": {
                "cols": 4,
                "data": "0.990539, 0.00475468, 0.137148, -0.0572723\n-0.00235597, 0.999842, -0.017647, -0.0339542\n-0.13721, 0.0171569, 0.990393, 0.0962366\n0, 0, 0, 1",
                "rows": 4
            },
            "idx": 1353
        },
        {
            "c0_T_c": {
                "cols": 4,
                "data": "0.984849, 0.00322439, 0.173385, -0.0651176\n0.00125383, 0.999669, -0.0257124, -0.0443278\n-0.173411, 0.0255402, 0.984518, 0.118584\n0, 0, 0, 1",
                "rows": 4
            },
            "idx": 1355
        },
        {
            "c0_T_c": {
                "cols": 4,
                "data": "0.981477, -0.00240803, 0.191563, -0.0701803\n0.0109376, 0.998994, -0.0434812, -0.0545251\n-0.191266, 0.044771, 0.980517, 0.138405\n0, 0, 0, 1",
                "rows": 4
            },
            "idx": 1357
        },
        {
            "c0_T_c": {
                "cols": 4,
                "data": "0.977896, -0.000233005, 0.20909, -0.0660565\n0.013227, 0.998065, -0.0607492, -0.0606901\n-0.208671, 0.0621721, 0.976008, 0.154092\n0, 0, 0, 1",
                "rows": 4
            },
            "idx": 1359
        },
        {
            "c0_T_c": {
                "cols": 4,
                "data": "0.971604, 0.00302368, 0.236594, -0.0535789\n0.0120642, 0.997985, -0.0622975, -0.0571402\n-0.236305, 0.0633828, 0.969609, 0.169651\n0, 0, 0, 1",
                "rows": 4
            },
            "idx": 1361
        },
        {
            "c0_T_c": {
                "cols": 4,
                "data": "0.962693, 0.00403066, 0.270566, -0.0343313\n0.00820182, 0.998995, -0.0440648, -0.0412436\n-0.270472, 0.04464, 0.961692, 0.190113\n0, 0, 0, 1",
                "rows": 4
            },
            "idx": 1363
        },
        {
            "c0_T_c": {
                "cols": 4,
                "data": "0.955327, -0.000115568, 0.29555, -0.0143441\n0.00370261, 0.999926, -0.0115772, -0.0173427\n-0.295527, 0.0121544, 0.955257, 0.213428\n0, 0, 0, 1",
                "rows": 4
            },
            "idx": 1365
        },
        {
            "c0_T_c": {
                "cols": 4,
                "data": "0.94814, -0.012219, 0.317619, 0.00566575\n0.0017822, 0.999449, 0.0331294, 0.0123314\n-0.317849, -0.0308452, 0.947639, 0.238547\n0, 0, 0, 1",
                "rows": 4
            },
            "idx": 1367
        },
        {
            "c0_T_c": {
                "cols": 4,
                "data": "0.94193, -0.0313493, 0.334342, 0.0237178\n0.00172129, 0.996071, 0.0885465, 0.0456338\n-0.335804, -0.0828292, 0.938283, 0.265786\n0, 0, 0, 1",
                "rows": 4
            },
            "idx": 1369
        },
        {
            "c0_T_c": {
                "cols": 4,
                "data": "0.938466, -0.0529598, 0.341288, 0.0364171\n-0.000389601, 0.98801, 0.154387, 0.0795176\n-0.345372, -0.14502, 0.927193, 0.2968\n0, 0, 0, 1",
                "rows": 4
            },
            "idx": 1371
        },
        {
            "c0_T_c": {
                "cols": 4,
                "data": "0.940461, -0.0683373, 0.332962, 0.0409657\n-0.00697111, 0.975497, 0.219902, 0.10856\n-0.339831, -0.20913, 0.91694, 0.3301\n0, 0, 0, 1",
                "rows": 4
            },
            "idx": 1373
        },
        {
            "c0_T_c": {
                "cols": 4,
                "data": "0.946393, -0.0789407, 0.313224, 0.0393713\n-0.0128911, 0.959676, 0.280814, 0.130333\n-0.322761, -0.269798, 0.907212, 0.363422\n0, 0, 0, 1",
                "rows": 4
            },
            "idx": 1375
        },
        {
            "c0_T_c": {
                "cols": 4,
                "data": "0.95872, -0.0890559, 0.270046, 0.0288635\n-0.00571545, 0.943464, 0.331427, 0.144832\n-0.284294, -0.319289, 0.904009, 0.389687\n0, 0, 0, 1",
                "rows": 4
            },
            "idx": 1377
        },
        {
            "c0_T_c": {
                "cols": 4,
                "data": "0.971682, -0.101365, 0.213446, 0.0156234\n0.0158846, 0.929292, 0.369005, 0.150073\n-0.235758, -0.355165, 0.904586, 0.408191\n0, 0, 0, 1",
                "rows": 4
            },
            "idx": 1379
        },
        {
            "c0_T_c": {
                "cols": 4,
                "data": "0.981282, -0.11113, 0.157275, 0.00191618\n0.0410204, 0.918572, 0.393119, 0.147291\n-0.188156, -0.37931, 0.905937, 0.425659\n0, 0, 0, 1",
                "rows": 4
            },
            "idx": 1381
        }
    ],
    "seqID": 1
}
